35 335
202 512
329 553
496 730
661 797
94 686
350 612
388 904
57 804
365 920
5 348
285 402
579 620
758 851
477 572
334 789
628 741
360 697
855 905
593 905
660 666
679 679
255 617
329 566
513 912
163 799
317 448
410 410
131 995
43 882
11 112
16 456
40 813
554 805
105 161
299 700
63 689
527 527
716 988
89 826
167 931
284 284
148 652
762 811
514 746
159 518
338 749
38 228
384 636
37 757
966 991
372 518
17 290
32 598
385 716
80 80
21 934
208 760
282 480
47 842
262 767
251 349
416 416
789 927
338 991
687 879
38 470
26 904
496 530
147 147
64 378
738 817
252 843
458 948
346 478
736 892
856 994
339 438
149 314
300 712
212 784
21 21
559 599
160 853
89 384
481 908
520 607
101 394
100 435
936 936
160 974
56 99
140 736
33 381
450 669
221 846
548 975
656 774
153 153
158 497
292 726
30 985
448 744
742 962
514 546
106 980
257 395
716 909
301 667
246 731
614 898
447 492
204 734
94 862
140 978
286 803
387 855
220 220
25 210
799 799
141 570
251 967
34 215
70 626
433 449
74 516
862 976
163 975
20 401
493 621
567 570
37 341
778 982
93 650
289 296
41 231
220 462
533 922
808 861
813 976
799 812
310 355
494 930
790 992
667 858
64 299
27 417
206 419
271 814
835 856
250 691
324 640
21 639
618 629
43 132
268 479
77 948
584 981
415 943
850 871
187 527
2 481
12 940
312 414
321 877
421 586
544 885
469 482
212 826
768 815
177 310
344 487
89 197
541 772
16 658
539 699
310 839
131 379
315 954
372 707
344 608
677 754
536 778
104 892
544 898
134 771
180 887
92 774
108 489
8 551
16 900
277 675
263 777
235 678
634 949
367 834
751 945
44 854
314 678
30 919
429 665
43 629
225 606
923 944
661 907
702 945
210 742
58 614
605 783
25 962
281 622
33 557
200 734
499 966
394 684
609 609
614 724
493 663
61 511
382 566
24 858
82 570
21 560
414 491
834 848
594 866
676 676
579 972
376 909
301 735
295 691
112 984
415 756
41 286
192 455
54 979
24 53
360 941
704 751
327 764
836 870
10 828
142 984
417 923
351 569
10 10
220 759
187 582
329 931
112 179
136 536
120 528
180 579
309 464
643 754
11 477
170 241
254 878
428 765
309 585
142 179
344 542
523 773
569 889
525 819
136 778
318 526
969 981
191 192
5 968
863 999
701 937
434 822
775 886
816 887
236 837
387 481
24 429
318 647
82 141
942 999
138 945
418 999
182 722
27 848
113 888
545 545
145 840
489 650
93 384
425 894
179 195
510 709
532 956
881 881
344 905
347 422
74 263
700 954
15 851
510 830
133 614
655 659
327 564
299 502
68 569
35 163
155 494
480 550
707 970
378 502
52 746
828 967
156 574
49 448
128 741
205 961
67 502
17 910
273 341
42 674
97 115
957 973
127 223
187 274
304 859
321 503
75 972
658 798
281 811
82 867
87 982
491 806
71 220
29 223
364 701
314 880
83 459
298 347
745 807
330 336
528 580
285 822
211 644
338 685
558 688
347 919
414 680
78 236
551 685
435 473
555 804
775 807
252 537
257 881
750 750
56 827
391 817
666 756
303 475
743 976
168 250
775 928
233 645
159 467
145 532
319 419
291 357
414 693
605 638
75 180
335 548
19 19
442 876
226 992
92 534
353 538
377 895
168 492
659 766
345 835
86 86
449 892
522 882
949 949
442 889
78 841
738 887
89 212
94 556
116 315
159 951
536 672
487 487
505 541
133 898
656 710
372 951
489 947
429 667
98 796
487 608
25 25
661 909
86 449
8 795
360 688
547 780
698 949
235 922
288 785
615 914
568 839
314 922
1 876
188 968
403 627
191 744
120 275
686 686
56 519
286 981
14 522
143 407
795 858
41 167
159 159
651 850
16 339
193 938
161 168
94 932
195 984
78 170
262 745
603 809
126 884
341 809
143 299
79 809
588 915
104 573
753 753
159 280
301 858
39 592
382 931
3 117
379 404
139 651
15 127
336 936
556 976
618 807
389 984
180 810
350 992
451 815
148 777
745 767
127 654
22 372
762 936
137 884
186 480
351 813
618 928
423 423
309 587
872 929
583 826
657 775
29 654
356 783
631 759
92 710
363 944
268 791
155 362
430 826
913 943
396 424
487 542
343 534
73 444
9 954
605 948
816 902
621 663
332 560
758 897
837 961
301 429
432 912
526 776
366 558
359 370
457 676
162 499
718 838
212 212
429 735
107 684
24 915
676 841
220 561
253 509
566 969
119 923
329 504
536 982
556 668
377 400
159 443
338 674
159 214
477 752
513 971
394 754
447 846
686 862
713 736
264 644
372 443
734 795
90 464
95 808
488 510
433 574
80 944
243 413
196 338
90 585
411 411
199 757
634 685
713 978
410 940
336 762
284 572
201 574
104 641
109 985
352 477
357 821
747 747
2 593
315 824
34 582
801 983
680 693
537 873
357 942
384 816
510 632
565 827
531 691
107 134
186 427
98 314
337 596
390 422
240 892
699 948
592 822
3 427
66 483
835 994
558 945
714 933
76 676
253 309
731 873
590 897
805 822
777 989
376 645
502 784
243 789
228 666
547 648
444 964
207 728
186 561
327 500
10 564
230 604
719 731
56 387
677 771
930 951
189 916
786 906
612 790
177 798
493 546
880 955
190 508
83 153
10 577
122 229
268 283
19 518
113 382
154 154
7 629
119 870
697 847
2 56
222 288
683 683
507 686
199 341
204 685
836 861
486 519
269 750
356 409
33 924
368 914
316 458
261 522
440 524
109 919
711 987
340 522
801 917
644 933
50 460
55 309
149 173
458 699
511 525
428 527
859 979
597 979
17 404
129 645
509 866
440 766
117 527
411 708
502 826
268 659
689 689
303 653
738 810
325 412
550 759
420 420
198 307
636 947
391 887
726 877
638 993
32 954
374 654
222 785
15 721
392 479
21 243
551 997
499 541
523 898
225 423
115 551
552 552
254 895
395 605
881 993
578 726
526 536
435 906
25 779
654 721
216 724
515 791
293 678
246 603
848 937
869 996
148 445
280 372
895 904
399 737
834 894
125 434
39 165
718 719
281 681
157 157
382 504
5 288
87 852
30 52
20 273
760 837
493 493
589 955
809 958
547 958
10 753
417 848
403 684
164 173
91 863
429 858
831 838
850 851
308 568
560 789
639 789
317 509
358 510
303 574
625 625
202 936
71 224
125 689
221 397
281 936
391 579
215 582
542 748
127 469
163 163
530 859
57 181
428 582
419 762
449 641
757 757
13 525
481 593
233 528
117 582
186 187
650 816
72 839
69 541
330 811
127 482
266 826
150 880
747 870
2 487
134 872
277 655
221 531
23 775
119 483
55 727
292 411
316 539
622 811
677 747
833 994
648 719
119 375
591 599
402 434
186 550
313 591
48 845
392 655
13 70
698 698
72 384
316 781
8 665
94 668
990 991
429 429
483 894
178 258
97 858
270 786
41 963
297 889
423 964
46 260
101 684
469 851
104 201
6 861
394 677
110 918
130 375
350 607
170 676
373 510
54 730
183 615
477 567
897 897
160 338
794 890
99 99
86 574
163 794
36 164
148 405
151 639
440 513
192 448
371 679
472 731
2 287
76 236
609 965
139 521
20 341
42 625
166 166
171 510
245 459
341 921
107 754
745 745
5 706
220 631
753 865
379 395
329 803
293 880
282 462
254 400
111 580
748 908
57 465
537 809
298 298
495 812
664 806
119 417
196 637
220 765
462 527
357 999
2 542
7 886
24 301
310 658
227 889
566 584
764 865
364 894
350 996
532 707
476 583
85 661
632 830
38 357
497 871
258 360
731 809
139 897
515 659
114 315
9 824
408 533
518 930
702 751
265 484
35 961
217 709
310 900
184 532
222 787
337 774
304 597
414 994
717 766
818 818
59 766
260 261
641 892
2 905
217 830
387 487
175 833
403 431
881 995
251 828
121 718
319 962
57 733
387 608
494 670
807 901
139 213
316 849
547 718
115 795
15 857
334 610
135 629
121 731
36 98
104 498
725 845
389 896
545 914
551 665
809 960
267 677
547 960
201 323
113 439
233 275
90 455
843 958
507 743
181 987
332 927
440 460
408 922
931 963
134 619
769 901
810 902
873 958
88 688
167 981
64 65
863 913
385 645
426 683
541 633
153 524
391 810
500 753
178 702
257 995
34 694
138 751
754 754
248 882
413 461
27 425
228 415
835 864
577 828
678 880
750 985
625 990
119 364
69 772
427 480
177 305
292 292
435 829
624 765
236 656
84 528
53 949
101 431
125 825
147 318
45 307
265 539
248 895
578 770
25 823
300 533
374 482
483 883
376 528
274 480
193 555
306 432
380 418
256 611
387 542
425 834
48 847
235 673
207 611
821 999
760 760
8 667
517 773
314 673
79 547
491 491
64 683
380 660
366 725
719 843
357 383
568 832
788 835
751 953
350 609
28 329
575 727
74 445
387 905
63 552
352 389
499 853
452 741
9 437
93 579
96 96
173 279
49 509
197 407
499 974
507 569
18 112
415 980
382 803
546 682
384 620
497 497
535 789
616 862
877 903
338 625
403 754
36 408
564 564
256 411
588 921
664 916
750 919
103 354
543 626
801 921
307 349
207 411
312 693
45 349
298 529
182 354
32 824
209 228
238 929
167 231
585 744
7 767
170 236
42 990
279 408
154 642
696 696
333 644
61 185
481 542
252 719
134 929
464 575
557 766
617 817
768 986
386 655
363 937
325 416
209 470
448 715
379 881
365 717
198 311
323 720
298 663
14 904
457 656
37 70
140 720
828 828
547 586
409 881
717 768
59 768
73 437
274 427
446 948
124 897
301 301
34 186
481 905
723 933
145 956
681 936
860 938
175 835
612 836
832 839
161 671
818 941
138 953
482 497
89 502
355 658
85 797
489 887
635 712
19 443
728 903
258 725
170 841
607 613
423 792
698 997
320 785
265 849
339 798
568 658
573 736
108 902
107 677
303 323
308 438
230 784
426 430
491 788
307 967
45 967
164 164
274 561
315 562
298 918
821 959
144 680
306 513
355 900
396 672
162 505
437 444
10 865
239 459
233 385
486 565
739 782
491 680
568 900
141 567
359 726
204 623
228 980
551 667
322 615
253 744
674 737
266 683
607 747
183 914
197 583
2 344
38 38
442 616
153 513
158 857
586 809
470 863
431 642
30 298
84 275
342 570
746 919
861 869
152 409
706 968
329 981
351 740
857 871
170 170
428 694
699 699
622 681
178 704
613 861
646 809
747 861
217 632
117 694
711 938
208 812
395 409
768 920
933 987
808 992
398 828
126 369
645 705
708 761
64 430
349 828
490 767
564 753
206 779
555 933
393 871
102 133
489 579
277 659
337 710
100 245
330 936
399 541
27 669
489 700
425 944
373 488
225 361
65 143
1 616
251 764
941 945
316 893
705 705
677 872
622 936
681 762
230 826
392 659
194 903
436 436
447 531
490 901
589 880
503 611
809 883
401 600
189 680
404 605
235 796
553 553
99 908
314 796
28 439
286 963
313 837
368 544
403 501
683 784
7 272
81 221
28 331
33 675
602 832
5 576
431 684
904 904
135 807
553 566
69 453
96 327
294 571
412 563
100 971
62 450
193 933
236 337
442 442
64 230
616 743
555 733
522 556
734 735
153 460
309 448
273 525
732 810
652 787
685 735
17 276
256 292
132 522
271 866
305 679
95 869
112 284
38 106
609 861
507 813
161 176
606 792
152 356
396 982
196 399
935 967
577 764
810 972
142 284
111 705
54 171
102 885
336 823
710 741
641 641
747 808
659 924
599 644
203 644
7 769
251 577
149 300
443 518
338 990
324 826
57 711
557 768
740 889
41 888
330 762
738 816
492 531
1 442
427 550
608 827
57 724
146 244
239 435
304 830
304 601
469 897
629 886
331 963
193 733
58 545
261 904
825 946
266 430
299 378
340 904
614 884
435 912
166 199
438 658
205 837
320 787
26 340
72 456
138 258
157 271
323 977
305 371
403 677
380 959
559 961
438 900
471 848
140 977
88 558
809 843
93 636
225 792
950 967
53 685
644 860
224 274
215 454
393 497
164 408
296 564
241 628
280 970
337 457
115 115
284 567
965 965
541 637
48 704
189 414
120 580
226 747
162 991
270 524
616 932
80 363
761 761
33 59
637 991
225 229
422 514
974 990
298 478
143 604
578 761
467 930
636 887
142 352
345 940
675 815
339 371
490 769
814 866
67 299
191 594
652 989
319 779
170 656
147 672
837 890
587 715
191 715
517 885
858 949
443 707
200 949
253 317
332 610
767 767
596 656
59 717
172 328
127 851
603 780
291 959
106 913
834 834
402 911
753 845
156 626
159 372
472 603
139 393
350 613
718 780
281 742
181 804
129 385
767 901
25 35
57 216
103 103
185 401
451 557
415 863
220 624
781 957
168 168
104 449
197 640
381 986
384 732
7 745
534 676
97 409
91 106
569 633
25 506
338 737
11 342
577 753
634 735
322 914
181 938
0 863
836 869
27 471
448 464
219 412
35 591
320 989
442 686
571 571
553 931
551 858
451 920
14 882
196 630
211 938
522 800
398 764
296 753
12 994
419 823
647 687
36 533
127 651
701 923
819 915
15 595
326 982
689 805
240 713
501 754
14 895
666 821
418 756
578 708
27 834
489 636
29 651
82 477
386 659
279 533
770 770
135 259
131 783
409 993
579 650
629 767
49 192
648 780
620 947
545 773
677 929
354 424
441 837
480 765
375 483
707 956
306 612
85 909
201 303
46 429
593 827
15 850
1 686
818 945
246 719
260 388
300 955
220 437
404 783
266 324
408 673
628 676
347 663
149 678
190 679
713 720
25 319
39 402
234 843
349 564
426 784
45 45
435 459
282 631
180 620
218 646
584 969
262 918
298 346
270 513
437 690
349 577
113 566
118 644
145 518
250 571
315 700
125 805
59 451
766 986
442 862
856 916
391 816
242 693
571 868
282 765
244 244
564 865
44 829
654 758
766 999
62 883
0 5
10 198
87 647
400 878
367 701
174 535
102 137
819 983
557 717
109 298
205 760
64 784
182 776
190 371
88 360
126 615
702 704
614 820
38 660
313 599
767 769
426 476
192 309
684 771
152 910
834 944
779 779
264 333
244 849
115 735
1 862
147 687
443 951
658 839
424 672
47 456
184 956
41 382
896 896
693 833
32 562
665 734
91 913
292 903
185 511
704 847
343 841
100 854
623 858
650 732
218 809
350 965
383 913
396 852
124 393
215 282
49 744
150 796
706 785
186 224
815 920
221 447
166 511
61 983
518 670
313 975
51 709
398 753
766 920
131 409
516 516
264 938
349 753
51 830
527 759
453 581
460 971
493 919
634 858
836 992
440 763
44 763
448 587
434 689
544 820
43 538
332 412
648 648
969 969
317 814
446 699
270 473
261 882
319 823
61 70
145 707
700 700
340 882
276 409
0 999
232 302
144 189
190 305
379 995
401 525
497 758
791 939
303 892
261 895
223 374
253 253
340 895
260 377
34 71
812 890
913 942
503 549
24 551
183 544
114 444
397 998
531 998
278 552
42 541
363 367
459 829
385 385
431 501
103 147
227 442
394 619
72 568
176 662
456 679
530 601
433 668
773 773
167 963
69 162
776 778
41 329
247 434
285 689
237 914
488 496
61 917
50 270
671 846
160 630
569 569
607 861
519 748
204 858
149 922
223 871
905 905
581 966
424 982
243 412
220 694
393 851
541 749
178 697
164 533
131 356
664 856
442 743
328 870
488 859
41 584
416 461
247 689
510 510
133 523
861 996
541 991
80 367
200 698
47 190
35 890
511 819
103 536
362 467
441 760
21 174
4 530
174 416
182 536
911 911
723 860
112 477
425 937
198 251
450 701
666 999
127 721
457 596
14 26
79 421
142 477
73 606
16 72
21 416
496 709
7 23
11 896
33 655
786 892
648 958
288 652
496 830
774 774
204 429
383 660
157 317
249 845
1 743
150 314
40 442
246 547
471 894
50 83
676 774
128 676
398 500
475 720
43 43
153 440
540 849
526 722
88 725
286 969
349 500
781 948
693 835
356 395
273 626
28 566
69 338
421 497
338 499
21 563
442 556
15 223
447 671
433 736
787 968
129 739
542 908
93 816
706 787
131 290
659 675
511 511
394 929
667 795
224 454
344 519
127 521
173 408
121 218
104 574
136 526
442 569
884 914
722 852
50 459
432 524
330 742
578 578
924 986
509 744
555 860
145 467
136 647
29 521
268 766
309 575
221 691
796 922
479 986
548 591
201 978
60 773
316 699
149 293
622 742
116 116
272 629
516 989
65 299
645 645
87 354
620 817
78 534
13 819
99 593
756 863
76 838
392 815
122 954
332 535
442 932
698 858
293 314
143 784
358 709
20 835
1 556
307 828
675 766
358 830
480 527
848 923
466 592
564 935
127 897
163 591
144 312
61 543
584 584
434 825
860 933
846 998
256 903
223 497
603 718
79 718
220 428
29 897
681 823
49 317
458 485
568 882
12 664
545 898
278 554
37 199
825 952
126 914
538 895
338 541
417 834
123 387
343 656
136 326
361 444
39 393
79 960
377 388
41 439
24 795
612 965
25 202
296 436
31 919
139 223
39 285
369 914
479 557
41 331
835 835
145 159
718 960
850 850
137 914
453 625
145 280
669 923
180 732
829 912
460 786
625 853
303 573
325 332
542 855
13 511
701 848
541 630
43 353
172 992
479 920
367 450
644 987
119 119
143 476
569 813
963 969
775 918
228 291
49 814
252 648
313 335
226 861
111 645
143 826
592 689
71 694
520 520
530 979
387 405
370 761
5 74
40 297
754 872
40 68
196 581
297 633
531 571
388 522
15 654
708 877
78 710
195 477
400 882
890 975
909 988
480 582
330 823
490 775
300 880
19 372
299 426
717 939
59 939
876 932
535 639
36 955
913 999
378 426
209 654
66 834
181 555
693 703
206 319
373 496
35 208
389 477
265 899
26 388
67 426
788 940
862 889
806 994
649 781
943 999
786 786
813 889
524 786
670 840
95 609
353 904
848 883
655 717
466 552
185 273
322 773
47 568
396 722
107 619
322 544
809 891
324 324
90 157
463 668
903 903
268 392
171 496
355 842
373 859
467 494
145 443
186 215
40 686
241 676
792 964
391 620
470 913
102 517
316 446
970 970
439 553
384 617
59 268
432 513
96 564
238 684
508 508
747 790
384 738
42 974
349 865
449 574
951 970
32 700
150 692
403 872
766 924
370 695
134 684
460 854
947 972
28 931
105 397
303 641
597 859
158 223
321 695
355 508
214 532
200 634
374 521
835 916
640 640
497 857
222 652
356 881
461 934
139 654
166 757
188 516
416 639
599 760
184 518
84 580
442 813
515 766
721 871
844 978
939 986
376 580
858 997
283 766
833 940
175 940
464 814
675 768
628 656
573 720
72 438
581 581
760 812
89 378
281 319
821 943
774 831
586 780
267 771
131 910
676 710
170 838
16 371
491 664
716 782
713 713
331 382
503 903
676 831
549 726
2 99
86 736
383 959
295 846
354 672
646 780
780 780
114 690
482 857
232 911
50 153
437 562
487 908
289 398
215 220
467 670
40 862
169 747
282 624
318 318
609 790
199 626
180 384
345 680
61 921
773 898
124 223
308 798
44 459
333 333
477 984
155 970
351 616
301 795
337 452
78 457
69 637
107 929
325 334
632 979
35 760
70 983
450 450
345 693
333 804
33 283
181 181
442 976
203 465
507 876
656 676
119 471
96 753
523 820
89 299
421 809
550 694
302 592
715 761
286 584
761 877
76 774
98 533
37 819
601 632
119 363
633 813
578 877
335 890
159 930
557 939
304 530
6 836
307 764
40 420
642 754
34 117
302 834
355 468
888 931
189 664
684 872
620 887
26 377
7 135
246 646
130 471
61 600
751 818
187 187
390 546
937 944
54 597
158 654
834 937
264 555
484 595
33 659
9 73
88 366
167 888
11 82
213 482
163 890
405 652
658 832
9 423
767 775
1 976
238 431
288 777
697 945
81 447
246 780
130 834
732 902
212 378
294 447
123 565
104 323
57 211
403 619
134 431
461 560
359 549
438 842
116 562
386 386
98 922
412 789
541 674
90 509
136 396
442 668
268 515
378 683
873 891
410 864
157 455
210 281
616 740
527 631
351 442
650 738
92 676
345 856
240 574
87 103
37 511
966 974
181 933
275 797
25 622
168 176
338 853
854 854
331 584
196 625
757 921
354 982
338 974
269 874
305 568
122 824
170 343
15 469
161 294
152 474
363 923
297 569
58 58
863 980
525 921
179 284
15 590
942 980
138 697
231 888
754 929
418 980
132 882
668 862
15 482
409 638
617 816
109 346
73 423
138 818
289 950
218 252
335 837
190 190
164 955
1 668
246 472
265 485
297 932
283 768
916 940
401 760
239 432
216 714
188 652
367 883
114 437
707 951
237 773
526 647
97 204
272 767
24 665
280 362
794 812
101 619
68 442
513 829
287 486
658 658
644 723
93 620
8 24
607 612
151 332
357 666
598 792
34 427
163 837
223 851
149 673
196 196
549 728
658 900
80 923
83 440
28 504
415 913
556 889
14 340
473 854
514 663
651 897
227 569
263 263
845 847
96 500
308 679
203 333
857 857
34 561
232 805
361 690
755 846
46 800
85 233
169 870
395 395
4 510
18 179
247 911
187 631
403 929
217 510
76 534
733 804
227 932
24 115
172 996
364 937
339 355
113 803
393 857
398 935
341 401
52 298
186 527
414 916
956 970
100 460
812 925
13 757
25 811
495 760
674 991
2 827
714 804
492 691
0 0
249 704
63 285
268 717
323 653
23 886
150 173
724 933
902 976
368 517
915 915
184 467
32 73
408 589
100 473
315 361
380 756
480 694
265 540
457 710
438 468
204 301
531 696
186 890
392 766
128 656
422 874
513 763
246 648
48 138
58 368
723 987
575 594
468 468
170 774
423 954
299 430
32 315
137 368
87 776
375 425
70 543
75 887
751 941
649 893
799 837
35 441
596 774
40 556
475 713
702 941
67 430
72 508
438 602
331 439
437 606
184 951
8 200
44 153
669 848
521 721
77 973
303 498
308 842
618 775
667 667
367 375
262 618
127 393
780 958
53 858
644 804
31 52
163 208
118 465
95 747
131 404
29 393
829 971
515 515
330 506
40 932
141 984
283 515
402 466
42 160
75 108
489 620
186 582
76 710
544 815
351 686
49 55
68 68
803 931
434 805
668 743
291 756
907 988
645 988
120 645
67 230
17 638
17 409
75 579
555 987
154 643
126 544
415 418
222 777
63 232
469 654
501 872
196 990
265 595
158 469
228 942
168 662
572 752
489 754
65 426
684 929
279 880
320 652
158 590
705 988
209 821
369 544
214 670
396 647
415 660
0 418
248 254
387 827
673 955
376 705
11 18
30 31
53 429
158 482
53 200
209 942
92 128
649 948
360 845
828 950
24 667
137 544
86 498
15 29
471 834
894 937
116 606
864 994
0 660
363 483
146 485
688 953
452 676
39 278
451 717
234 719
579 902
178 558
155 840
544 615
315 792
301 665
34 550
268 451
787 787
215 561
206 512
285 805
627 771
186 274
277 392
245 854
226 612
325 325
55 464
7 918
117 561
530 730
783 910
134 501
55 585
82 984
431 872
227 813
180 738
611 695
196 453
335 760
314 408
93 180
309 744
235 300
548 760
680 916
96 865
247 805
52 529
351 862
387 519
626 801
5 188
82 179
524 524
23 767
344 593
80 483
948 973
277 768
48 945
194 770
288 405
177 308
811 823
203 711
60 137
170 534
395 881
615 884
381 717
515 717
26 260
177 658
163 760
559 760
927 927
668 932
52 663
160 196
610 927
54 709
155 532
408 712
306 435
586 718
283 717
363 417
148 263
54 830
87 778
486 487
54 601
642 771
672 879
231 382
308 602
795 949
146 540
261 261
194 207
586 960
820 898
586 731
597 597
225 954
695 903
607 790
646 718
90 271
2 387
384 489
623 734
609 836
375 669
405 777
96 436
387 908
494 970
664 664
263 320
354 852
528 739
569 740
646 960
434 552
558 847
646 731
305 438
780 960
282 454
28 803
167 329
912 971
26 878
521 857
148 989
798 842
13 801
435 524
461 927
82 342
138 688
495 925
42 162
154 403
412 927
928 928
12 175
210 419
113 981
791 815
345 994
386 766
284 984
72 310
770 877
258 702
137 183
357 415
205 812
802 802
573 713
108 650
214 780
5 148
90 192
237 885
402 952
181 724
170 831
285 552
323 844
159 184
719 780
140 844
143 324
93 732
248 377
363 364
146 595
520 836
725 945
11 141
188 777
114 562
540 899
614 885
237 898
534 596
231 329
431 619
203 203
549 611
488 601
111 385
229 606
690 964
456 568
3 34
65 683
156 801
453 499
539 539
100 906
365 386
265 973
419 622
162 966
270 270
333 555
40 976
169 861
562 792
606 606
363 848
31 109
844 892
462 561
541 625
319 512
539 781
277 515
617 620
19 930
55 587
25 681
402 402
731 843
442 740
304 510
160 990
164 880
327 349
351 743
392 515
41 931
619 642
149 235
756 913
80 364
370 877
469 590
226 869
675 924
224 759
7 7
974 991
94 420
517 523
411 770
41 944
89 426
25 936
295 531
693 806
937 937
18 896
21 413
173 955
214 956
809 873
126 614
179 477
487 593
65 604
772 991
13 185
104 303
108 947
223 897
209 999
493 529
98 673
5 445
165 434
1 740
40 668
7 262
136 147
356 379
460 473
382 553
509 594
693 940
670 956
378 784
254 260
74 787
509 715
454 550
8 204
519 908
137 614
68 743
659 659
67 784
309 317
135 918
157 448
313 961
160 453
555 723
574 736
753 967
159 494
200 266
21 789
131 395
287 908
625 674
652 777
542 905
36 279
108 384
435 513
434 554
269 746
392 557
213 851
226 790
699 973
574 978
11 572
357 980
431 929
79 218
141 867
777 785
273 757
419 811
64 583
279 279
27 701
858 858
300 567
170 457
276 395
312 806
427 527
31 298
569 876
635 678
893 973
698 734
65 67
20 819
925 925
156 185
441 812
408 635
532 930
432 763
668 976
267 403
728 761
106 943
309 814
483 701
474 881
62 119
105 755
25 762
723 804
57 714
258 704
299 476
362 532
246 586
378 476
65 430
67 476
38 943
148 320
285 554
472 646
269 546
320 777
172 613
213 651
228 959
369 898
429 949
190 438
231 439
451 479
910 993
662 662
145 372
665 667
73 792
375 834
58 898
137 898
552 911
445 785
197 683
200 200
370 611
567 896
507 616
223 857
190 680
181 860
321 611
519 855
472 780
219 334
2 565
370 503
172 747
259 901
303 449
440 912
159 670
352 570
38 380
287 855
20 511
144 806
782 797
23 745
78 452
729 907
187 624
209 383
668 668
318 326
414 788
376 496
37 801
188 445
157 866
146 973
393 850
65 230
328 869
106 756
114 122
74 989
397 447
580 797
425 923
208 925
194 761
142 342
235 533
568 679
881 910
110 767
320 348
793 797
624 759
541 990
314 533
300 635
673 880
612 870
10 307
15 651
510 859
97 949
381 479
821 980
333 933
424 526
47 310
38 756
59 815
348 652
62 66
339 832
364 367
121 646
14 254
368 523
934 934
133 885
35 313
114 606
150 300
675 939
999 999
388 882
116 423
220 480
566 888
118 203
367 944
100 829
35 205
843 873
292 770
326 354
591 837
603 891
537 537
82 896
159 362
491 835
269 493
479 717
873 873
446 540
121 780
262 490
649 899
14 388
289 327
294 671
354 722
118 216
546 663
112 142
411 438
741 838
89 683
718 891
611 728
523 615
597 601
690 792
300 314
940 940
665 735
131 276
142 142
391 617
41 504
60 517
646 843
780 843
138 558
726 728
196 499
333 733
209 209
16 568
95 861
186 454
645 739
216 333
274 274
386 515
840 951
251 327
294 926
22 467
149 279
154 394
49 866
178 751
5 5
10 349
392 451
433 977
777 787
345 864
147 354
293 408
163 335
278 285
319 811
107 403
166 983
293 300
705 739
360 704
131 881
332 413
161 531
188 405
620 816
325 639
402 822
420 876
381 655
494 532
339 658
53 301
3 480
462 765
121 472
635 922
809 809
547 809
11 11
100 763
91 943
31 663
89 604
420 889
404 881
426 640
276 881
288 706
62 363
790 836
86 720
339 900
628 774
287 481
633 889
383 943
415 666
368 820
248 260
280 707
220 427
239 440
128 838
472 648
183 545
475 653
218 731
259 769
111 376
910 995
51 510
627 643
72 798
461 610
0 666
210 210
22 159
445 787
444 562
246 843
636 732
180 489
512 962
386 557
487 905
22 280
701 834
269 682
24 97
273 801
111 739
713 844
129 793
241 741
595 973
212 683
205 495
143 583
275 739
527 694
2 580
717 791
235 293
460 906
50 513
399 630
715 866
358 979
797 797
351 976
599 812
411 761
846 918
557 815
328 992
276 802
735 858
105 691
26 132
499 581
812 812
203 933
365 766
529 874
601 979
183 237
397 691
383 756
640 826
46 353
87 879
642 872
642 643
540 595
89 430
302 952
121 648
132 248
918 928
162 541
14 377
234 646
406 901
450 944
361 606
704 945
60 614
343 710
802 995
576 652
194 321
50 313
229 315
36 149
22 214
343 831
458 781
243 334
234 780
206 681
244 973
68 976
39 689
340 388
419 681
88 847
373 979
665 858
30 347
236 452
153 912
571 671
230 378
86 104
63 911
302 402
35 812
585 727
103 687
48 751
122 700
565 748
303 977
89 230
756 959
168 294
286 286
714 733
763 854
221 571
171 979
496 510
206 936
622 622
189 703
419 936
422 682
300 692
392 924
656 741
39 247
591 760
429 698
207 770
182 713
498 653
190 308
387 593
681 811
280 467
8 8
417 701
471 937
190 658
176 531
43 904
68 668
307 950
785 989
45 950
241 596
788 994
138 360
65 784
169 612
72 679
806 940
212 430
993 995
396 776
253 727
160 499
220 550
142 896
241 838
326 424
773 884
644 733
200 204
7 792
623 795
664 833
15 158
116 964
226 607
441 495
410 916
458 849
365 392
18 284
449 736
500 967
71 561
186 282
101 403
529 621
41 803
311 398
490 629
85 580
613 965
747 965
346 621
406 406
249 688
15 521
803 981
11 752
742 742
198 349
222 706
161 696
518 970
191 575
793 909
13 983
182 526
102 237
250 926
47 72
280 280
221 868
147 424
821 863
31 478
696 868
66 701
343 457
27 894
175 994
459 524
412 412
292 761
941 941
149 712
443 930
33 766
489 817
748 748
15 897
178 366
128 774
150 533
90 253
348 777
697 702
769 807
139 374
168 846
234 648
660 756
271 715
544 544
444 606
769 928
175 189
433 713
562 598
457 841
506 962
187 428
35 559
350 836
47 798
611 611
198 967
201 713
393 654
472 718
16 438
76 452
203 264
43 46
53 734
15 213
87 318
460 829
129 729
163 313
165 911
766 791
475 844
540 973
440 971
156 983
935 950
44 513
425 848
199 801
455 727
216 216
240 573
100 270
298 514
143 640
194 578
18 352
702 725
191 509
265 458
499 625
13 917
25 742
118 933
154 627
489 617
21 219
232 402
430 683
237 517
668 740
659 920
198 296
342 984
612 808
39 946
684 684
293 533
241 343
86 240
289 828
237 638
144 410
80 425
474 995
21 461
136 182
292 695
853 991
672 687
751 751
354 526
192 464
519 593
31 546
727 744
503 770
797 988
354 647
404 993
192 585
786 829
813 932
276 993
524 829
480 759
380 821
287 593
8 949
484 649
396 536
883 883
63 592
71 187
380 942
834 883
405 706
195 896
262 657
616 889
19 670
151 560
899 948
959 999
208 313
158 721
223 850
9 598
583 604
435 440
12 788
231 566
279 314
71 550
604 784
664 835
172 861
203 211
10 45
326 776
226 609
4 496
138 725
317 727
162 853
384 902
217 496
185 921
427 454
550 561
7 807
37 915
31 346
504 566
495 975
932 976
948 957
7 928
166 921
823 962
169 172
606 964
7 110
418 913
564 967
225 225
328 875
119 701
27 883
56 123
453 991
698 795
791 986
328 996
543 921
141 352
325 927
691 755
61 588
85 716
19 362
703 994
147 776
128 534
334 639
916 994
291 942
552 946
693 693
188 706
367 937
804 938
29 124
461 535
655 815
130 701
429 997
88 704
33 768
385 661
753 828
598 954
412 535
35 548
48 258
265 781
488 530
89 784
143 266
385 782
541 541
670 951
711 723
153 432
139 497
512 779
498 844
245 435
102 615
322 884
877 877
13 543
926 998
95 612
175 312
120 376
892 892
792 954
421 718
569 616
734 949
365 557
549 903
764 828
571 662
576 777
543 600
185 626
214 280
57 333
502 683
875 965
498 978
292 321
421 731
11 567
516 968
20 801
166 626
652 785
158 213
757 801
335 812
522 904
149 164
140 573
678 922
170 452
0 980
41 981
17 395
614 614
490 807
61 401
305 798
635 673
525 801
791 920
290 638
37 983
290 409
417 450
629 629
886 928
256 761
149 635
145 930
267 627
207 761
535 563
728 877
459 460
338 399
257 474
582 759
477 477
788 864
447 571
559 812
163 812
688 697
556 743
47 371
43 895
247 402
156 543
371 468
128 710
367 992
100 648
86 713
210 779
15 15
361 423
218 603
779 936
80 669
23 135
644 711
258 941
192 587
128 831
30 30
609 875
586 891
519 608
123 608
35 495
136 318
265 957
623 665
664 703
287 487
22 970
644 724
418 418
313 890
146 484
385 729
393 590
554 952
483 483
328 609
259 775
326 536
157 727
570 896
699 781
537 719
652 706
440 786
646 891
393 482
214 214
780 891
819 819
544 614
306 971
262 901
878 904
418 660
650 902
273 915
722 778
634 665
129 907
674 966
844 889
164 635
103 396
264 987
625 966
518 840
182 396
517 615
66 450
379 910
539 899
682 682
10 289
620 972
601 730
152 638
36 692
215 694
256 695
330 681
397 671
531 671
75 391
154 684
99 748
429 623
48 702
409 910
925 975
133 517
348 405
69 990
666 980
480 561
600 626
140 641
219 934
663 682
723 733
830 859
175 864
423 700
409 802
147 536
174 639
279 692
936 962
287 287
108 810
438 456
131 942
626 921
749 991
386 939
427 940
105 926
265 649
218 537
520 875
556 569
271 585
684 754
296 349
413 934
397 926
20 185
452 596
531 926
419 419
322 523
27 80
376 988
519 542
123 542
412 416
178 249
164 314
463 876
820 884
380 999
282 427
287 542
452 838
727 814
201 475
767 886
574 720
32 437
114 964
463 889
24 24
438 832
653 720
484 948
518 532
864 940
965 992
123 905
49 727
417 894
529 546
548 559
713 892
124 497
146 781
662 846
954 954
577 967
370 903
585 828
287 905
144 856
321 903
641 844
673 796
186 220
43 400
442 900
6 747
276 379
18 572
42 966
59 381
331 803
229 792
191 271
3 220
223 223
641 736
296 967
893 957
392 675
273 983
193 465
647 672
163 559
8 685
467 970
384 972
290 290
274 282
251 564
232 285
13 921
258 688
354 396
51 358
32 116
648 873
689 911
95 172
129 988
196 749
8 698
261 878
149 408
635 796
373 530
340 878
202 419
485 973
144 414
503 761
262 406
767 807
59 986
405 576
589 922
291 999
93 489
767 928
753 764
296 296
237 884
760 925
512 823
171 530
181 723
132 538
155 707
241 710
81 492
117 186
688 941
526 879
209 943
732 947
322 820
33 717
523 544
294 492
63 825
211 723
204 949
303 433
239 906
256 321
13 600
255 887
24 200
98 149
530 597
101 154
207 321
410 680
160 505
882 904
342 896
230 426
194 503
278 911
190 798
69 737
420 442
304 496
254 904
15 393
273 917
414 664
419 742
620 732
353 388
129 909
146 849
151 927
569 686
209 380
541 853
269 919
599 794
948 948
84 385
865 950
125 911
507 976
257 276
59 557
413 789
224 624
380 383
289 753
382 981
541 974
508 568
167 504
126 237
165 165
244 458
576 968
268 815
376 385
355 568
267 684
186 759
308 456
879 982
299 407
151 243
717 920
629 807
59 920
730 859
114 361
174 412
568 568
210 823
3 759
913 980
341 525
846 926
598 824
629 928
67 407
251 753
223 654
80 834
364 364
603 646
503 708
489 810
406 775
225 700
557 944
422 985
255 579
141 477
48 249
977 978
78 128
157 192
74 652
289 311
695 770
366 945
372 467
630 991
685 698
146 649
417 883
11 195
7 490
315 606
581 991
548 548
424 778
140 201
57 203
282 550
884 884
359 770
364 848
704 953
537 547
270 432
35 794
799 961
361 964
469 497
473 912
242 491
236 676
291 383
842 900
307 327
45 327
377 800
509 727
421 843
168 397
863 959
489 489
180 902
942 959
6 520
418 959
430 784
710 838
94 569
569 862
443 494
338 966
650 972
285 285
72 177
113 969
62 923
497 851
423 636
54 510
587 744
168 531
388 800
448 814
332 639
557 986
362 518
707 930
287 344
72 190
237 523
154 754
410 414
869 965
189 940
299 583
1 889
106 942
422 919
86 475
480 631
226 226
37 61
357 645
334 927
155 467
369 884
718 809
38 821
110 135
313 760
22 22
119 894
265 948
447 696
273 543
396 879
38 942
305 468
172 612
655 766
433 653
308 658
335 495
500 828
11 142
114 792
310 438
83 432
430 476
289 500
528 782
808 836
104 720
852 879
475 892
26 800
497 651
595 957
323 498
328 613
56 908
308 900
456 798
516 785
557 557
595 849
55 575
113 553
775 901
893 893
98 164
157 744
160 749
163 495
242 788
531 662
28 41
328 747
345 916
243 639
251 500
490 745
297 616
443 670
420 686
98 635
557 920
161 691
37 921
648 809
155 159
339 468
158 393
160 991
8 634
176 447
304 632
142 570
81 294
619 872
619 643
438 568
38 863
346 750
612 869
399 990
144 242
806 856
468 568
14 132
506 823
561 759
132 353
593 748
510 979
790 996
482 651
260 538
237 820
253 764
198 828
79 648
60 369
145 184
362 707
171 358
21 535
883 944
244 957
560 934
407 426
300 300
348 785
318 354
810 816
37 600
639 934
368 885
426 826
618 767
659 768
112 141
227 616
562 606
367 367
248 904
523 614
385 909
458 899
57 555
539 595
208 495
446 781
311 327
555 724
467 840
742 779
19 155
893 948
245 912
499 499
495 794
569 743
61 273
99 565
399 453
297 442
536 687
173 635
126 523
136 982
566 566
170 337
155 443
40 227
162 338
420 862
902 902
758 857
494 518
223 469
112 867
744 814
193 711
58 523
218 246
223 590
333 987
171 171
365 939
142 867
403 642
348 706
119 883
204 698
732 817
181 714
267 754
360 945
401 983
91 942
383 821
51 496
445 652
560 639
105 998
475 531
77 899
719 891
383 942
498 892
242 414
173 314
357 660
540 781
130 883
75 947
690 954
542 827
330 419
316 484
435 435
421 537
99 486
530 709
685 997
146 948
449 720
294 846
817 887
643 771
145 494
530 830
24 204
202 210
191 317
210 330
200 551
425 669
838 838
84 376
516 787
534 841
708 728
28 969
67 143
645 793
590 857
51 54
196 674
8 623
75 384
849 973
313 441
115 685
238 267
763 906
54 217
501 677
172 172
798 900
591 799
200 685
20 983
647 852
77 699
705 793
569 932
503 578
520 747
60 237
376 739
142 572
436 753
274 462
213 223
591 812
401 917
575 575
525 983
681 742
106 999
390 529
59 924
475 573
413 927
191 814
811 936
19 707
313 925
695 761
612 992
67 640
494 707
158 758
452 710
20 70
56 481
484 699
124 127
0 357
454 527
137 820
266 476
238 643
288 989
573 892
452 831
190 602
64 197
5 785
500 764
574 713
39 554
653 713
4 304
88 941
193 203
64 89
456 842
289 436
297 297
674 772
362 951
324 430
217 304
697 941
595 893
194 549
409 474
540 957
281 962
224 428
393 651
29 374
350 954
537 780
178 847
433 844
548 794
298 390
210 506
496 496
407 683
252 809
16 798
448 455
731 780
20 917
205 441
260 340
232 278
402 689
267 501
420 743
326 852
596 676
559 794
633 743
127 871
589 673
85 645
525 917
629 745
496 859
642 684
260 353
67 224
619 929
256 877
39 125
605 802
682 985
709 859
203 987
29 871
285 302
202 762
207 877
76 128
227 297
493 682
691 926
0 291
8 115
500 577
290 767
133 820
693 864
389 867
408 880
45 828
475 641
609 870
315 423
218 719
545 885
33 939
97 200
102 544
354 536
780 873
7 657
497 521
177 839
152 257
187 480
32 606
535 934
595 948
53 665
213 654
576 706
262 775
210 319
354 778
407 604
660 821
664 940
645 661
106 383
185 676
4 601
768 768
239 912
660 942
472 891
527 561
217 601
444 792
645 782
277 386
318 424
358 496
329 963
420 556
900 900
817 902
94 507
33 268
38 383
253 271
497 897
208 794
82 389
6 808
362 443
661 739
518 956
67 266
705 782
438 438
173 692
200 795
9 32
186 631
420 569
967 967
169 169
358 859
3 631
682 919
654 857
547 731
48 818
557 924
513 854
482 521
570 570
828 865
19 467
482 871
297 862
4 51
663 919
162 637
520 870
186 765
63 402
216 644
238 403
353 878
389 572
788 806
633 932
3 765
416 934
405 516
748 855
440 473
579 817
91 999
134 403
263 288
394 771
278 825
96 296
660 863
40 889
447 755
278 946
732 887
498 720
537 648
487 827
5 787
481 487
494 951
222 263
336 779
187 427
481 608
407 430
411 549
249 258
111 782
106 209
534 656
191 253
160 674
275 661
127 497
108 255
297 420
388 538
522 538
374 374
741 841
50 435
344 387
256 503
517 544
286 382
29 497
139 857
414 833
18 567
207 503
298 621
248 800
3 215
250 846
19 159
93 108
263 785
397 492
569 976
0 38
392 791
705 729
272 618
115 634
909 909
372 970
702 845
289 935
28 113
198 753
175 806
197 299
837 925
496 632
480 624
504 981
366 751
300 922
102 183
487 748
487 519
533 635
247 278
381 766
760 799
402 825
28 584
314 712
503 877
556 740
514 514
526 982
397 868
311 828
746 985
402 946
364 425
143 426
129 528
690 824
253 594
755 926
47 839
470 942
564 577
514 985
183 885
71 186
291 418
458 595
521 651
194 256
144 664
165 952
982 982
104 713
627 754
527 550
30 269
86 844
275 716
338 772
183 898
57 264
111 729
845 953
382 963
471 483
421 891
16 842
833 835
345 788
427 561
74 968
91 383
399 499
495 961
528 909
393 721
668 889
286 329
19 214
309 727
245 971
416 789
8 735
416 560
803 969
555 904
893 899
240 977
114 114
70 273
731 958
128 628
510 730
191 455
89 407
231 231
561 631
681 962
621 682
165 402
42 453
484 569
570 572
258 751
827 908
13 166
491 693
529 985
367 923
526 687
77 595
20 61
346 985
662 696
612 875
114 598
45 764
600 757
56 593
135 657
737 991
509 575
612 996
753 935
780 809
412 413
119 834
218 547
66 944
560 927
505 991
393 521
766 766
540 948
213 590
418 470
544 545
366 953
419 779
88 945
102 614
219 610
319 319
346 422
764 935
510 530
455 594
59 365
437 954
234 891
660 999
315 964
461 789
455 715
680 833
26 43
55 744
91 209
146 899
270 440
743 889
149 150
483 669
414 835
111 797
326 722
381 392
188 263
413 610
265 446
393 897
503 503
14 46
184 494
78 741
499 505
108 620
200 623
41 41
189 693
230 502
142 389
169 226
485 957
622 962
751 847
833 916
175 916
307 577
100 513
45 577
241 452
702 847
320 516
347 390
89 583
70 341
930 970
542 565
27 119
7 406
151 535
51 597
827 855
142 752
876 976
246 809
204 812
586 648
454 694
220 527
794 799
188 989
447 691
22 956
212 299
107 771
146 699
651 871
202 779
150 589
172 836
410 664
275 705
46 882
762 823
643 643
646 648
725 941
20 600
254 538
102 898
148 785
449 713
745 775
776 879
44 435
16 602
268 557
116 954
6 328
133 369
317 715
285 911
775 775
169 965
525 600
629 657
474 783
23 618
143 683
485 649
578 611
440 906
44 906
168 447
200 665
420 668
313 313
423 444
386 791
537 960
633 668
907 907
318 778
645 907
120 793
138 847
688 725
99 855
302 689
517 614
52 514
148 222
184 670
235 635
8 858
314 635
489 902
360 751
203 804
731 960
478 514
807 918
705 907
144 345
512 512
162 399
772 853
343 676
238 394
598 700
307 753
675 920
790 870
278 466
396 687
676 741
478 985
607 870
533 692
385 528
772 974
450 923
505 630
338 453
164 300
637 749
81 531
134 394
669 701
581 625
311 764
223 651
135 767
415 821
14 248
203 938
294 531
11 179
119 944
296 577
609 808
655 924
232 592
125 466
176 926
415 942
794 975
32 423
769 918
295 998
18 195
56 487
565 593
470 999
0 821
518 518
215 480
24 949
252 547
563 934
766 768
131 257
375 883
549 770
428 480
235 314
135 901
620 650
753 950
257 783
136 722
117 480
543 588
6 612
130 944
586 958
754 771
45 311
8 429
316 316
90 727
856 940
942 943
133 545
367 483
418 943
239 971
558 953
351 889
111 907
54 373
205 313
159 840
283 381
646 958
558 845
208 961
562 964
41 969
210 512
237 615
275 907
311 564
784 784
195 389
35 925
2 748
29 851
469 857
23 807
105 846
298 746
427 631
740 862
140 574
220 274
151 174
703 916
656 841
288 445
23 928
642 677
614 615
397 846
311 577
531 846
56 287
264 465
641 977
38 913
566 803
874 919
804 860
274 631
315 403
347 621
526 852
3 582
37 166
195 752
520 808
781 849
46 400
151 416
371 456
34 282
36 880
719 873
283 986
350 747
154 872
9 225
253 814
253 585
436 935
499 991
72 658
15 124
595 699
83 524
685 858
165 822
27 363
68 889
389 752
563 639
604 640
177 832
56 542
92 236
59 59
55 317
280 930
354 879
407 476
467 527
403 771
72 900
172 609
58 773
479 766
460 524
18 142
269 663
384 650
1 94
367 417
298 546
193 264
372 532
148 787
433 892
56 905
258 258
120 782
381 557
515 557
861 965
229 954
201 892
242 664
729 782
135 272
200 667
747 836
557 675
307 500
155 372
188 320
45 500
283 557
402 508
186 624
907 909
236 741
547 603
645 909
276 783
629 901
9 964
606 954
485 893
55 814
3 624
619 627
218 283
70 156
168 691
57 860
800 904
511 801
318 672
225 444
538 904
36 922
512 622
228 863
135 406
608 855
487 565
142 567
109 390
95 226
260 522
69 991
141 342
134 154
311 753
89 640
705 909
313 799
74 288
387 748
304 979
574 574
51 304
257 638
463 743
279 922
582 694
394 643
180 391
254 340
297 976
416 927
209 863
364 471
390 874
101 771
579 810
931 969
293 712
366 702
892 977
281 823
96 289
313 812
254 353
94 889
498 713
704 818
248 538
808 875
868 926
43 254
29 127
218 780
194 194
364 834
820 885
630 990
437 824
382 888
643 929
440 829
66 130
477 896
12 833
581 990
359 877
655 939
278 952
455 585
190 839
680 703
321 770
247 592
462 480
306 906
565 608
298 493
193 211
74 785
77 265
182 318
701 883
85 385
164 678
384 947
301 949
139 850
141 142
19 970
95 965
692 955
111 909
446 899
210 622
118 804
272 490
617 902
1 633
54 496
400 904
422 663
152 802
380 666
275 909
297 668
154 619
300 673
200 735
11 570
43 522
700 792
846 846
50 912
196 966
48 48
196 737
490 918
402 805
314 692
32 225
44 50
395 802
334 563
278 402
295 571
855 908
187 220
255 620
255 391
205 799
463 569
218 472
61 525
561 582
250 397
117 282
667 685
125 402
75 810
350 520
570 752
253 587
318 982
662 755
161 998
197 426
149 880
460 513
74 706
671 696
211 711
491 994
463 932
664 693
644 714
363 701
98 955
449 475
13 588
472 873
417 937
486 542
250 531
678 712
287 827
15 139
889 932
326 526
933 938
430 583
156 199
488 709
259 886
326 647
86 140
22 155
236 838
48 558
222 445
82 142
328 612
782 782
4 488
64 502
110 618
486 905
291 666
310 679
464 594
175 491
565 905
205 599
537 843
75 489
237 322
580 661
244 446
4 730
656 656
298 682
518 951
72 339
261 800
580 782
387 387
268 924
340 800
329 382
532 970
429 734
561 624
24 685
313 559
781 893
423 690
147 526
408 796
788 788
210 811
394 403
223 521
80 701
214 930
11 867
612 747
123 519
109 621
307 865
744 866
147 647
719 809
359 503
42 338
355 798
594 814
179 572
24 698
41 113
189 994
473 524
156 588
238 627
271 575
57 57
568 798
614 914
110 886
287 519
540 699
218 648
433 573
581 737
75 636
295 868
13 401
44 239
357 470
670 930
16 177
366 704
228 999
47 658
201 573
55 253
60 368
113 231
987 987
66 119
269 478
549 761
232 825
562 700
83 473
119 130
558 702
310 371
86 892
590 654
232 946
704 941
665 949
453 541
217 530
796 880
276 356
58 133
77 146
641 713
650 947
884 885
92 656
147 326
97 734
402 552
599 837
62 669
277 557
362 372
307 436
496 601
45 436
0 959
812 837
756 942
107 267
365 791
435 971
545 614
223 563
233 793
164 922
167 439
175 788
211 216
174 334
31 514
110 807
177 568
619 684
163 441
335 925
539 957
580 729
115 858
450 848
156 401
441 799
697 725
293 635
609 612
110 928
300 796
489 732
267 619
248 340
186 694
21 334
790 808
241 337
342 389
3 694
405 445
360 702
371 568
183 517
191 866
788 856
466 805
760 794
479 515
107 872
126 885
748 905
767 918
25 281
290 993
252 472
412 461
163 925
264 711
732 816
660 913
32 361
173 300
467 518
219 416
329 584
771 929
917 983
194 359
60 544
299 826
27 367
549 708
378 826
9 700
264 724
465 714
606 690
201 641
35 837
67 826
153 829
516 652
669 894
218 958
176 998
212 426
224 480
413 416
209 357
126 322
115 429
115 200
100 306
358 601
559 591
500 950
835 940
200 429
539 649
423 437
142 195
601 709
132 904
305 832
219 563
406 618
203 555
1 569
202 330
331 969
601 830
58 322
44 912
319 622
520 612
337 676
120 907
137 322
636 972
474 910
499 674
286 566
0 209
492 671
166 915
301 551
287 387
170 741
175 856
192 271
617 972
837 975
785 785
193 644
399 749
311 865
655 675
355 679
220 454
629 918
596 741
269 346
2 2
81 295
34 220
438 798
283 924
621 919
662 691
294 295
920 986
49 464
338 338
119 937
2 123
301 685
399 991
218 421
468 798
602 798
280 518
285 825
266 583
49 585
711 933
150 408
370 411
12 703
34 462
889 976
984 984
583 640
373 830
285 946
321 411
472 809
197 604
238 642
431 771
563 927
186 186
755 868
410 833
234 873
275 645
3 186
522 522
384 817
2 486
310 602
57 193
134 642
208 591
631 694
189 312
175 414
130 937
686 889
171 709
430 640
449 653
393 758
467 707
66 363
85 376
186 428
365 659
81 671
361 954
180 650
648 718
171 830
331 553
303 720
380 415
75 75
140 433
161 492
534 774
69 674
927 934
402 554
32 792
990 990
328 790
648 960
400 895
648 731
67 197
17 605
416 610
508 842
249 847
708 903
441 559
205 548
427 624
867 896
259 259
47 339
305 900
313 495
515 858
55 55
84 793
387 565
133 914
312 916
568 842
329 331
26 522
513 906
86 573
39 232
512 681
724 860
218 234
259 272
911 952
406 928
24 634
920 920
32 229
161 868
376 793
556 616
74 576
363 450
561 694
491 864
496 979
125 285
121 809
709 979
382 584
19 532
690 700
113 167
290 995
357 756
439 566
804 987
403 643
42 637
859 859
105 168
16 355
62 471
442 463
669 883
218 718
512 936
452 656
776 982
836 996
118 487
291 415
370 708
34 759
4 358
611 770
325 413
421 646
321 708
692 880
819 921
464 464
557 655
218 960
105 531
789 934
99 487
849 948
195 195
62 834
172 965
244 316
101 267
726 770
397 531
495 837
304 488
553 963
532 840
292 370
756 999
104 844
272 657
147 396
721 897
541 966
453 853
539 893
332 563
120 909
409 783
1 463
325 789
394 394
77 458
691 846
806 833
913 959
302 805
453 974
511 915
280 494
165 278
786 854
1 813
524 854
703 856
166 917
293 692
50 971
485 899
404 910
101 872
390 746
101 643
665 685
785 787
16 47
463 507
182 982
619 754
245 513
57 987
46 340
827 905
152 995
408 692
210 936
347 682
520 869
468 679
5 652
602 679
822 911
665 698
114 824
482 991
136 354
475 574
461 639
428 462
600 983
4 171
243 416
412 639
117 462
240 303
135 775
78 241
671 755
467 467
315 598
414 806
87 182
961 975
190 832
410 835
509 814
509 585
43 260
576 989
507 889
316 540
747 992
71 480
444 954
664 994
260 904
45 198
22 443
58 137
237 368
935 935
19 145
805 825
10 96
137 137
414 940
290 379
441 548
592 946
130 363
84 661
337 841
437 964
578 903
435 854
99 905
159 956
355 602
429 551
88 258
38 666
84 782
376 661
372 956
568 602
661 793
471 669
214 518
520 790
519 565
376 782
269 390
21 325
922 955
67 212
61 626
336 336
599 975
277 924
299 683
255 384
287 565
672 672
42 505
291 980
43 878
239 524
67 683
403 403
245 460
262 629
549 578
259 745
328 350
171 632
179 752
266 640
885 914
347 750
254 522
75 816
80 894
338 637
35 599
379 409
521 758
466 822
185 543
657 767
261 538
183 884
434 466
766 939
236 710
609 992
409 409
395 474
340 538
316 595
354 887
421 648
25 419
301 997
15 374
230 299
548 837
166 543
190 900
534 710
292 359
302 552
384 887
516 777
464 587
534 831
196 772
237 544
657 901
458 957
52 269
234 246
390 493
629 775
59 659
97 685
35 975
52 390
93 391
423 562
557 791
339 568
523 914
223 393
506 681
818 953
806 835
173 922
272 901
206 281
18 984
818 845
749 974
279 796
427 694
573 977
498 574
718 843
792 792
322 614
313 794
781 899
15 871
612 861
257 404
169 520
760 961
80 936
52 874
14 353
354 687
445 576
560 563
118 181
513 976
442 507
807 928
34 224
139 469
39 302
410 703
212 230
506 936
725 751
324 407
834 923
89 769
625 749
737 990
238 754
384 579
312 410
743 862
160 541
275 528
140 303
425 701
458 649
134 754
72 842
529 529
625 991
58 126
256 370
294 662
6 609
83 829
67 67
363 883
129 716
283 365
214 494
66 367
164 673
82 82
537 891
162 196
208 837
1 507
648 843
529 663
735 997
675 717
12 144
242 835
94 442
333 724
847 945
156 273
620 902
647 776
399 674
619 677
383 666
44 971
233 907
319 681
167 553
286 504
318 722
192 317
930 956
608 905
107 394
253 448
239 513
656 838
40 569
353 800
213 497
196 853
504 969
306 459
457 628
429 795
84 797
280 443
398 398
205 794
298 985
554 911
196 974
209 913
226 328
131 993
132 400
734 734
151 413
679 798
301 623
80 883
465 465
685 734
776 852
343 741
71 282
651 857
57 118
584 803
671 691
321 578
541 581
11 352
567 984
199 588
644 938
611 761
616 876
456 658
192 814
665 997
115 301
875 992
42 991
83 763
933 933
391 650
298 422
657 769
51 730
135 135
200 301
272 406
659 815
783 881
180 817
218 843
501 643
427 428
456 900
36 314
416 535
495 599
574 892
300 589
406 490
337 656
511 543
328 836
309 594
92 596
653 892
61 199
57 723
411 726
115 435
15 497
194 728
538 538
823 936
68 94
274 428
75 255
272 769
2 908
13 20
661 729
490 618
434 952
52 621
368 369
367 669
229 964
182 852
283 675
145 970
281 336
258 847
566 963
640 683
593 608
472 547
240 978
716 907
394 627
316 973
111 275
190 568
190 339
635 955
239 460
225 562
238 501
72 468
797 909
179 567
275 275
261 340
51 530
390 750
371 508
288 968
591 925
6 6
314 876
248 522
253 866
712 922
159 221
197 476
431 643
480 801
380 863
581 853
861 870
262 807
295 755
625 630
643 684
197 826
407 407
362 930
260 882
122 423
581 974
340 353
262 928
162 990
743 743
256 359
183 820
384 810
549 877
664 864
122 315
366 941
474 474
207 359
124 590
160 772
228 418
558 818
260 895
810 810
669 834
493 874
553 888
119 367
303 713
12 12
17 356
196 587
398 950
613 875
747 875
38 415
87 536
391 947
334 413
228 660
209 418
522 878
863 942
747 996
942 942
23 901
133 544
246 421
377 904
418 942
817 947
144 144
88 249
164 796
203 724
673 673
478 663
532 670
480 480
485 595
130 367
209 660
335 799
121 547
2 855
216 555
312 788
802 881
587 727
647 778
55 866
237 614
24 735
547 547
